452001
452002
452003
452004
452005
452006
452007
452008
452009
452010
452011
452012
452013
452014
452015
452016
452017
452018
452019
452020
452021
452022
452023
452024
452025
452026
452027
452028
452029
452030
452031
452032
452033
452034
452035
452036
452037
452038
452039
452040
452041
452042
452043
452044
452045
452046
452047
452048
452049
452050
452051
452052
452053
452054
452055
452056
452057
452058
452059
452060
452061
452062
452063
452064
452065
452066
452067
452068
452069
452070
452071
452072
452073
452074
452075
452076
452077
452078
452079
452080
452081
452082
452083
452084
452085
452086
452087
452088
452089
452090
452091
452092
452093
452094
452095
452096
452097
452098
452099
452100
452101
452102
452103
452104
452105
452106
452107
452108
452109
452110
452111
452112
452113
452114
452115
452116
452117
452118
452119
452120
452121
452122
452123
452124
452125
452126
452127
452128
452129
452130
452131
452132
452133
452134
452135
452136
452137
452138
452139
452140
452141
452142
452143
452144
452145
452146
452147
452148
452149
452150
452151
452152
452153
452154
452155
452156
452157
452158
452159
452160
452161
452162
452163
452164
452165
452166
452167
452168
452169
452170
452171
452172
452173
452174
452175
452176
452177
452178
452179
452180
452181
452182
452183
452184
452185
452186
452187
452188
452189
452190
452191
452192
452193
452194
452195
452196
452197
452198
452199
452200
452201
452202
452203
452204
452205
452206
452207
452208
452209
452210
452211
452212
452213
452214
452215
452216
452217
452218
452219
452220
452221
452222
452223
452224
452225
452226
452227
452228
452229
452230
452231
452232
452233
452234
452235
452236
452237
452238
452239
452240
452241
452242
452243
452244
452245
452246
452247
452248
452249
452250
452251
452252
452253
452254
452255
452256
452257
452258
452259
452260
452261
452262
452263
452264
452265
452266
452267
452268
452269
452270
452271
452272
452273
452274
452275
452276
452277
452278
452279
452280
452281
452282
452283
452284
452285
452286
452287
452288
452289
452290
452291
452292
452293
452294
452295
452296
452297
452298
452299
452300
452301
452302
452303
452304
452305
452306
452307
452308
452309
452310
452311
452312
452313
452314
452315
452316
452317
452318
452319
452320
452321
452322
452323
452324
452325
452326
452327
452328
452329
452330
452331
452332
452333
452334
452335
452336
452337
452338
452339
452340
452341
452342
452343
452344
452345
452346
452347
452348
452349
452350
452351
452352
452353
452354
452355
452356
452357
452358
452359
452360
452361
452362
452363
452364
452365
452366
452367
452368
452369
452370
452371
452372
452373
452374
452375
452376
452377
452378
452379
452380
452381
452382
452383
452384
452385
452386
452387
452388
452389
452390
452391
452392
452393
452394
452395
452396
452397
452398
452399
452400
452401
452402
452403
452404
452405
452406
452407
452408
452409
452410
452411
452412
452413
452414
452415
452416
452417
452418
452419
452420
452421
452422
452423
452424
452425
452426
452427
452428
452429
452430
452431
452432
452433
452434
452435
452436
452437
452438
452439
452440
452441
452442
452443
452444
452445
452446
452447
452448
452449
452450
452451
452452
452453
452454
452455
452456
452457
452458
452459
452460
452461
452462
452463
452464
452465
452466
452467
452468
452469
452470
452471
452472
452473
452474
452475
452476
452477
452478
452479
452480
452481
452482
452483
452484
452485
452486
452487
452488
452489
452490
452491
452492
452493
452494
452495
452496
452497
452498
452499
452500
452501
452502
452503
452504
452505
452506
452507
452508
452509
452510
452511
452512
452513
452514
452515
452516
452517
452518
452519
452520
452521
452522
452523
452524
452525
452526
452527
452528
452529
452530
452531
452532
452533
452534
452535
452536
452537
452538
452539
452540
452541
452542
452543
452544
452545
452546
452547
452548
452549
452550
452551
452552
452553
452554
452555
452556
452557
452558
452559
452560
452561
452562
452563
452564
452565
452566
452567
452568
452569
452570
452571
452572
452573
452574
452575
452576
452577
452578
452579
452580
452581
452582
452583
452584
452585
452586
452587
452588
452589
452590
452591
452592
452593
452594
452595
452596
452597
452598
452599
452600
452601
452602
452603
452604
452605
452606
452607
452608
452609
452610
452611
452612
452613
452614
452615
452616
452617
452618
452619
452620
452621
452622
452623
452624
452625
452626
452627
452628
452629
452630
452631
452632
452633
452634
452635
452636
452637
452638
452639
452640
452641
452642
452643
452644
452645
452646
452647
452648
452649
452650
452651
452652
452653
452654
452655
452656
452657
452658
452659
452660
452661
452662
452663
452664
452665
452666
452667
452668
452669
452670
452671
452672
452673
452674
452675
452676
452677
452678
452679
452680
452681
452682
452683
452684
452685
452686
452687
452688
452689
452690
452691
452692
452693
452694
452695
452696
452697
452698
452699
452700
452701
452702
452703
452704
452705
452706
452707
452708
452709
452710
452711
452712
452713
452714
452715
452716
452717
452718
452719
452720
452721
452722
452723
452724
452725
452726
452727
452728
452729
452730
452731
452732
452733
452734
452735
452736
452737
452738
452739
452740
452741
452742
452743
452744
452745
452746
452747
452748
452749
452750
452751
452752
452753
452754
452755
452756
452757
452758
452759
452760
452761
452762
452763
452764
452765
452766
452767
452768
452769
452770
452771
452772
452773
452774
452775
452776
452777
452778
452779
452780
452781
452782
452783
452784
452785
452786
452787
452788
452789
452790
452791
452792
452793
452794
452795
452796
452797
452798
452799
452800
452801
452802
452803
452804
452805
452806
452807
452808
452809
452810
452811
452812
452813
452814
452815
452816
452817
452818
452819
452820
452821
452822
452823
452824
452825
452826
452827
452828
452829
452830
452831
452832
452833
452834
452835
452836
452837
452838
452839
452840
452841
452842
452843
452844
452845
452846
452847
452848
452849
452850
452851
452852
452853
452854
452855
452856
452857
452858
452859
452860
452861
452862
452863
452864
452865
452866
452867
452868
452869
452870
452871
452872
452873
452874
452875
452876
452877
452878
452879
452880
452881
452882
452883
452884
452885
452886
452887
452888
452889
452890
452891
452892
452893
452894
452895
452896
452897
452898
452899
452900
452901
452902
452903
452904
452905
452906
452907
452908
452909
452910
452911
452912
452913
452914
452915
452916
452917
452918
452919
452920
452921
452922
452923
452924
452925
452926
452927
452928
452929
452930
452931
452932
452933
452934
452935
452936
452937
452938
452939
452940
452941
452942
452943
452944
452945
452946
452947
452948
452949
452950
452951
452952
452953
452954
452955
452956
452957
452958
452959
452960
452961
452962
452963
452964
452965
452966
452967
452968
452969
452970
452971
452972
452973
452974
452975
452976
452977
452978
452979
452980
452981
452982
452983
452984
452985
452986
452987
452988
452989
452990
452991
452992
452993
452994
452995
452996
452997
452998
452999
453000
453001
453002
453003
453004
453005
453006
453007
453008
453009
453010
453011
453012
453013
453014
453015
453016
453017
453018
453019
453020
453021
453022
453023
453024
453025
453026
453027
453028
453029
453030
453031
453032
453033
453034
453035
453036
453037
453038
453039
453040
453041
453042
453043
453044
453045
453046
453047
453048
453049
453050
453051
453052
453053
453054
453055
453056
453057
453058
453059
453060
453061
453062
453063
453064
453065
453066
453067
453068
453069
453070
453071
453072
453073
453074
453075
453076
453077
453078
453079
453080
453081
453082
453083
453084
453085
453086
453087
453088
453089
453090
453091
453092
453093
453094
453095
453096
453097
453098
453099
453100
453101
453102
453103
453104
453105
453106
453107
453108
453109
453110
453111
453112
453113
453114
453115
453116
453117
453118
453119
453120
453121
453122
453123
453124
453125
453126
453127
453128
453129
453130
453131
453132
453133
453134
453135
453136
453137
453138
453139
453140
453141
453142
453143
453144
453145
453146
453147
453148
453149
453150
453151
453152
453153
453154
453155
453156
453157
453158
453159
453160
453161
453162
453163
453164
453165
453166
453167
453168
453169
453170
453171
453172
453173
453174
453175
453176
453177
453178
453179
453180
453181
453182
453183
453184
453185
453186
453187
453188
453189
453190
453191
453192
453193
453194
453195
453196
453197
453198
453199
453200
453201
453202
453203
453204
453205
453206
453207
453208
453209
453210
453211
453212
453213
453214
453215
453216
453217
453218
453219
453220
453221
453222
453223
453224
453225
453226
453227
453228
453229
453230
453231
453232
453233
453234
453235
453236
453237
453238
453239
453240
453241
453242
453243
453244
453245
453246
453247
453248
453249
453250
453251
453252
453253
453254
453255
453256
453257
453258
453259
453260
453261
453262
453263
453264
453265
453266
453267
453268
453269
453270
453271
453272
453273
453274
453275
453276
453277
453278
453279
453280
453281
453282
453283
453284
453285
453286
453287
453288
453289
453290
453291
453292
453293
453294
453295
453296
453297
453298
453299
453300
453301
453302
453303
453304
453305
453306
453307
453308
453309
453310
453311
453312
453313
453314
453315
453316
453317
453318
453319
453320
453321
453322
453323
453324
453325
453326
453327
453328
453329
453330
453331
453332
453333
453334
453335
453336
453337
453338
453339
453340
453341
453342
453343
453344
453345
453346
453347
453348
453349
453350
453351
453352
453353
453354
453355
453356
453357
453358
453359
453360
453361
453362
453363
453364
453365
453366
453367
453368
453369
453370
453371
453372
453373
453374
453375
453376
453377
453378
453379
453380
453381
453382
453383
453384
453385
453386
453387
453388
453389
453390
453391
453392
453393
453394
453395
453396
453397
453398
453399
453400
453401
453402
453403
453404
453405
453406
453407
453408
453409
453410
453411
453412
453413
453414
453415
453416
453417
453418
453419
453420
453421
453422
453423
453424
453425
453426
453427
453428
453429
453430
453431
453432
453433
453434
453435
453436
453437
453438
453439
453440
453441
453442
453443
453444
453445
453446
453447
453448
453449
453450
453451
453452
453453
453454
453455
453456
453457
453458
453459
453460
453461
453462
453463
453464
453465
453466
453467
453468
453469
453470
453471
453472
453473
453474
453475
453476
453477
453478
453479
453480
453481
453482
453483
453484
453485
453486
453487
453488
453489
453490
453491
453492
453493
453494
453495
453496
453497
453498
453499
453500
453501
453502
453503
453504
453505
453506
453507
453508
453509
453510
453511
453512
453513
453514
453515
453516
453517
453518
453519
453520
453521
453522
453523
453524
453525
453526
453527
453528
453529
453530
453531
453532
453533
453534
453535
453536
453537
453538
453539
453540
453541
453542
453543
453544
453545
453546
453547
453548
453549
453550
453551
453552
453553
453554
453555
453556
453557
453558
453559
453560
453561
453562
453563
453564
453565
453566
453567
453568
453569
453570
453571
453572
453573
453574
453575
453576
453577
453578
453579
453580
453581
453582
453583
453584
453585
453586
453587
453588
453589
453590
453591
453592
453593
453594
453595
453596
453597
453598
453599
453600
453601
453602
453603
453604
453605
453606
453607
453608
453609
453610
453611
453612
453613
453614
453615
453616
453617
453618
453619
453620
453621
453622
453623
453624
453625
453626
453627
453628
453629
453630
453631
453632
453633
453634
453635
453636
453637
453638
453639
453640
453641
453642
453643
453644
453645
453646
453647
453648
453649
453650
453651
453652
453653
453654
453655
453656
453657
453658
453659
453660
453661
453662
453663
453664
453665
453666
453667
453668
453669
453670
453671
453672
453673
453674
453675
453676
453677
453678
453679
453680
453681
453682
453683
453684
453685
453686
453687
453688
453689
453690
453691
453692
453693
453694
453695
453696
453697
453698
453699
453700
453701
453702
453703
453704
453705
453706
453707
453708
453709
453710
453711
453712
453713
453714
453715
453716
453717
453718
453719
453720
453721
453722
453723
453724
453725
453726
453727
453728
453729
453730
453731
453732
453733
453734
453735
453736
453737
453738
453739
453740
453741
453742
453743
453744
453745
453746
453747
453748
453749
453750
453751
453752
453753
453754
453755
453756
453757
453758
453759
453760
453761
453762
453763
453764
453765
453766
453767
453768
453769
453770
453771
453772
453773
453774
453775
453776
453777
453778
453779
453780
453781
453782
453783
453784
453785
453786
453787
453788
453789
453790
453791
453792
453793
453794
453795
453796
453797
453798
453799
453800
453801
453802
453803
453804
453805
453806
453807
453808
453809
453810
453811
453812
453813
453814
453815
453816
453817
453818
453819
453820
453821
453822
453823
453824
453825
453826
453827
453828
453829
453830
453831
453832
453833
453834
453835
453836
453837
453838
453839
453840
453841
453842
453843
453844
453845
453846
453847
453848
453849
453850
453851
453852
453853
453854
453855
453856
453857
453858
453859
453860
453861
453862
453863
453864
453865
453866
453867
453868
453869
453870
453871
453872
453873
453874
453875
453876
453877
453878
453879
453880
453881
453882
453883
453884
453885
453886
453887
453888
453889
453890
453891
453892
453893
453894
453895
453896
453897
453898
453899
453900
453901
453902
453903
453904
453905
453906
453907
453908
453909
453910
453911
453912
453913
453914
453915
453916
453917
453918
453919
453920
453921
453922
453923
453924
453925
453926
453927
453928
453929
453930
453931
453932
453933
453934
453935
453936
453937
453938
453939
453940
453941
453942
453943
453944
453945
453946
453947
453948
453949
453950
453951
453952
453953
453954
453955
453956
453957
453958
453959
453960
453961
453962
453963
453964
453965
453966
453967
453968
453969
453970
453971
453972
453973
453974
453975
453976
453977
453978
453979
453980
453981
453982
453983
453984
453985
453986
453987
453988
453989
453990
453991
453992
453993
453994
453995
453996
453997
453998
453999
454000
454001
454002
454003
454004
454005
454006
454007
454008
454009
454010
454011
454012
454013
454014
454015
454016
454017
454018
454019
454020
454021
454022
454023
454024
454025
454026
454027
454028
454029
454030
454031
454032
454033
454034
454035
454036
454037
454038
454039
454040
454041
454042
454043
454044
454045
454046
454047
454048
454049
454050
454051
454052
454053
454054
454055
454056
454057
454058
454059
454060
454061
454062
454063
454064
454065
454066
454067
454068
454069
454070
454071
454072
454073
454074
454075
454076
454077
454078
454079
454080
454081
454082
454083
454084
454085
454086
454087
454088
454089
454090
454091
454092
454093
454094
454095
454096
454097
454098
454099
454100
454101
454102
454103
454104
454105
454106
454107
454108
454109
454110
454111
454112
454113
454114
454115
454116
454117
454118
454119
454120
454121
454122
454123
454124
454125
454126
454127
454128
454129
454130
454131
454132
454133
454134
454135
454136
454137
454138
454139
454140
454141
454142
454143
454144
454145
454146
454147
454148
454149
454150
454151
454152
454153
454154
454155
454156
454157
454158
454159
454160
454161
454162
454163
454164
454165
454166
454167
454168
454169
454170
454171
454172
454173
454174
454175
454176
454177
454178
454179
454180
454181
454182
454183
454184
454185
454186
454187
454188
454189
454190
454191
454192
454193
454194
454195
454196
454197
454198
454199
454200
454201
454202
454203
454204
454205
454206
454207
454208
454209
454210
454211
454212
454213
454214
454215
454216
454217
454218
454219
454220
454221
454222
454223
454224
454225
454226
454227
454228
454229
454230
454231
454232
454233
454234
454235
454236
454237
454238
454239
454240
454241
454242
454243
454244
454245
454246
454247
454248
454249
454250
454251
454252
454253
454254
454255
454256
454257
454258
454259
454260
454261
454262
454263
454264
454265
454266
454267
454268
454269
454270
454271
454272
454273
454274
454275
454276
454277
454278
454279
454280
454281
454282
454283
454284
454285
454286
454287
454288
454289
454290
454291
454292
454293
454294
454295
454296
454297
454298
454299
454300
454301
454302
454303
454304
454305
454306
454307
454308
454309
454310
454311
454312
454313
454314
454315
454316
454317
454318
454319
454320
454321
454322
454323
454324
454325
454326
454327
454328
454329
454330
454331
454332
454333
454334
454335
454336
454337
454338
454339
454340
454341
454342
454343
454344
454345
454346
454347
454348
454349
454350
454351
454352
454353
454354
454355
454356
454357
454358
454359
454360
454361
454362
454363
454364
454365
454366
454367
454368
454369
454370
454371
454372
454373
454374
454375
454376
454377
454378
454379
454380
454381
454382
454383
454384
454385
454386
454387
454388
454389
454390
454391
454392
454393
454394
454395
454396
454397
454398
454399
454400
454401
454402
454403
454404
454405
454406
454407
454408
454409
454410
454411
454412
454413
454414
454415
454416
454417
454418
454419
454420
454421
454422
454423
454424
454425
454426
454427
454428
454429
454430
454431
454432
454433
454434
454435
454436
454437
454438
454439
454440
454441
454442
454443
454444
454445
454446
454447
454448
454449
454450
454451
454452
454453
454454
454455
454456
454457
454458
454459
454460
454461
454462
454463
454464
454465
454466
454467
454468
454469
454470
454471
454472
454473
454474
454475
454476
454477
454478
454479
454480
454481
454482
454483
454484
454485
454486
454487
454488
454489
454490
454491
454492
454493
454494
454495
454496
454497
454498
454499
454500
454501
454502
454503
454504
454505
454506
454507
454508
454509
454510
454511
454512
454513
454514
454515
454516
454517
454518
454519
454520
454521
454522
454523
454524
454525
454526
454527
454528
454529
454530
454531
454532
454533
454534
454535
454536
454537
454538
454539
454540
454541
454542
454543
454544
454545
454546
454547
454548
454549
454550
454551
454552
454553
454554
454555
454556
454557
454558
454559
454560
454561
454562
454563
454564
454565
454566
454567
454568
454569
454570
454571
454572
454573
454574
454575
454576
454577
454578
454579
454580
454581
454582
454583
454584
454585
454586
454587
454588
454589
454590
454591
454592
454593
454594
454595
454596
454597
454598
454599
454600
454601
454602
454603
454604
454605
454606
454607
454608
454609
454610
454611
454612
454613
454614
454615
454616
454617
454618
454619
454620
454621
454622
454623
454624
454625
454626
454627
454628
454629
454630
454631
454632
454633
454634
454635
454636
454637
454638
454639
454640
454641
454642
454643
454644
454645
454646
454647
454648
454649
454650
454651
454652
454653
454654
454655
454656
454657
454658
454659
454660
454661
454662
454663
454664
454665
454666
454667
454668
454669
454670
454671
454672
454673
454674
454675
454676
454677
454678
454679
454680
454681
454682
454683
454684
454685
454686
454687
454688
454689
454690
454691
454692
454693
454694
454695
454696
454697
454698
454699
454700
454701
454702
454703
454704
454705
454706
454707
454708
454709
454710
454711
454712
454713
454714
454715
454716
454717
454718
454719
454720
454721
454722
454723
454724
454725
454726
454727
454728
454729
454730
454731
454732
454733
454734
454735
454736
454737
454738
454739
454740
454741
454742
454743
454744
454745
454746
454747
454748
454749
454750
454751
454752
454753
454754
454755
454756
454757
454758
454759
454760
454761
454762
454763
454764
454765
454766
454767
454768
454769
454770
454771
454772
454773
454774
454775
454776
454777
454778
454779
454780
454781
454782
454783
454784
454785
454786
454787
454788
454789
454790
454791
454792
454793
454794
454795
454796
454797
454798
454799
454800
454801
454802
454803
454804
454805
454806
454807
454808
454809
454810
454811
454812
454813
454814
454815
454816
454817
454818
454819
454820
454821
454822
454823
454824
454825
454826
454827
454828
454829
454830
454831
454832
454833
454834
454835
454836
454837
454838
454839
454840
454841
454842
454843
454844
454845
454846
454847
454848
454849
454850
454851
454852
454853
454854
454855
454856
454857
454858
454859
454860
454861
454862
454863
454864
454865
454866
454867
454868
454869
454870
454871
454872
454873
454874
454875
454876
454877
454878
454879
454880
454881
454882
454883
454884
454885
454886
454887
454888
454889
454890
454891
454892
454893
454894
454895
454896
454897
454898
454899
454900
454901
454902
454903
454904
454905
454906
454907
454908
454909
454910
454911
454912
454913
454914
454915
454916
454917
454918
454919
454920
454921
454922
454923
454924
454925
454926
454927
454928
454929
454930
454931
454932
454933
454934
454935
454936
454937
454938
454939
454940
454941
454942
454943
454944
454945
454946
454947
454948
454949
454950
454951
454952
454953
454954
454955
454956
454957
454958
454959
454960
454961
454962
454963
454964
454965
454966
454967
454968
454969
454970
454971
454972
454973
454974
454975
454976
454977
454978
454979
454980
454981
454982
454983
454984
454985
454986
454987
454988
454989
454990
454991
454992
454993
454994
454995
454996
454997
454998
454999
455000
455001
455002
455003
455004
455005
455006
455007
455008
455009
455010
455011
455012
455013
455014
455015
455016
455017
455018
455019
455020
455021
455022
455023
455024
455025
455026
455027
455028
455029
455030
455031
455032
455033
455034
455035
455036
455037
455038
455039
455040
455041
455042
455043
455044
455045
455046
455047
455048
455049
455050
455051
455052
455053
455054
455055
455056
455057
455058
455059
455060
455061
455062
455063
455064
455065
455066
455067
455068
455069
455070
455071
455072
455073
455074
455075
455076
455077
455078
455079
455080
455081
455082
455083
455084
455085
455086
455087
455088
455089
455090
455091
455092
455093
455094
455095
455096
455097
455098
455099
455100
455101
455102
455103
455104
455105
455106
455107
455108
455109
455110
455111
455112
455113
455114
455115
455116
455117
455118
455119
455120
455121
455122
455123
455124
455125
455126
455127
455128
455129
455130
455131
455132
455133
455134
455135
455136
455137
455138
455139
455140
455141
455142
455143
455144
455145
455146
455147
455148
455149
455150
455151
455152
455153
455154
455155
455156
455157
455158
455159
455160
455161
455162
455163
455164
455165
455166
455167
455168
455169
455170
455171
455172
455173
455174
455175
455176
455177
455178
455179
455180
455181
455182
455183
455184
455185
455186
455187
455188
455189
455190
455191
455192
455193
455194
455195
455196
455197
455198
455199
455200
455201
455202
455203
455204
455205
455206
455207
455208
455209
455210
455211
455212
455213
455214
455215
455216
455217
455218
455219
455220
455221
455222
455223
455224
455225
455226
455227
455228
455229
455230
455231
455232
455233
455234
455235
455236
455237
455238
455239
455240
455241
455242
455243
455244
455245
455246
455247
455248
455249
455250
455251
455252
455253
455254
455255
455256
455257
455258
455259
455260
455261
455262
455263
455264
455265
455266
455267
455268
455269
455270
455271
455272
455273
455274
455275
455276
455277
455278
455279
455280
455281
455282
455283
455284
455285
455286
455287
455288
455289
455290
455291
455292
455293
455294
455295
455296
455297
455298
455299
455300
455301
455302
455303
455304
455305
455306
455307
455308
455309
455310
455311
455312
455313
455314
455315
455316
455317
455318
455319
455320
455321
455322
455323
455324
455325
455326
455327
455328
455329
455330
455331
455332
455333
455334
455335
455336
455337
455338
455339
455340
455341
455342
455343
455344
455345
455346
455347
455348
455349
455350
455351
455352
455353
455354
455355
455356
455357
455358
455359
455360
455361
455362
455363
455364
455365
455366
455367
455368
455369
455370
455371
455372
455373
455374
455375
455376
455377
455378
455379
455380
455381
455382
455383
455384
455385
455386
455387
455388
455389
455390
455391
455392
455393
455394
455395
455396
455397
455398
455399
455400
455401
455402
455403
455404
455405
455406
455407
455408
455409
455410
455411
455412
455413
455414
455415
455416
455417
455418
455419
455420
455421
455422
455423
455424
455425
455426
455427
455428
455429
455430
455431
455432
455433
455434
455435
455436
455437
455438
455439
455440
455441
455442
455443
455444
455445
455446
455447
455448
455449
455450
455451
455452
455453
455454
455455
455456
455457
455458
455459
455460
455461
455462
455463
455464
455465
455466
455467
455468
455469
455470
455471
455472
455473
455474
455475
455476
455477
455478
455479
455480
455481
455482
455483
455484
455485
455486
455487
455488
455489
455490
455491
455492
455493
455494
455495
455496
455497
455498
455499
455500
455501
455502
455503
455504
455505
455506
455507
455508
455509
455510
455511
455512
455513
455514
455515
455516
455517
455518
455519
455520
455521
455522
455523
455524
455525
455526
455527
455528
455529
455530
455531
455532
455533
455534
455535
455536
455537
455538
455539
455540
455541
455542
455543
455544
455545
455546
455547
455548
455549
455550
455551
455552
455553
455554
455555
455556
455557
455558
455559
455560
455561
455562
455563
455564
455565
455566
455567
455568
455569
455570
455571
455572
455573
455574
455575
455576
455577
455578
455579
455580
455581
455582
455583
455584
455585
455586
455587
455588
455589
455590
455591
455592
455593
455594
455595
455596
455597
455598
455599
455600
455601
455602
455603
455604
455605
455606
455607
455608
455609
455610
455611
455612
455613
455614
455615
455616
455617
455618
455619
455620
455621
455622
455623
455624
455625
455626
455627
455628
455629
455630
455631
455632
455633
455634
455635
455636
455637
455638
455639
455640
455641
455642
455643
455644
455645
455646
455647
455648
455649
455650
455651
455652
455653
455654
455655
455656
455657
455658
455659
455660
455661
455662
455663
455664
455665
455666
455667
455668
455669
455670
455671
455672
455673
455674
455675
455676
455677
455678
455679
455680
455681
455682
455683
455684
455685
455686
455687
455688
455689
455690
455691
455692
455693
455694
455695
455696
455697
455698
455699
455700
455701
455702
455703
455704
455705
455706
455707
455708
455709
455710
455711
455712
455713
455714
455715
455716
455717
455718
455719
455720
455721
455722
455723
455724
455725
455726
455727
455728
455729
455730
455731
455732
455733
455734
455735
455736
455737
455738
455739
455740
455741
455742
455743
455744
455745
455746
455747
455748
455749
455750
455751
455752
455753
455754
455755
455756
455757
455758
455759
455760
455761
455762
455763
455764
455765
455766
455767
455768
455769
455770
455771
455772
455773
455774
455775
455776
455777
455778
455779
455780
455781
455782
455783
455784
455785
455786
455787
455788
455789
455790
455791
455792
455793
455794
455795
455796
455797
455798
455799
455800
455801
455802
455803
455804
455805
455806
455807
455808
455809
455810
455811
455812
455813
455814
455815
455816
455817
455818
455819
455820
455821
455822
455823
455824
455825
455826
455827
455828
455829
455830
455831
455832
455833
455834
455835
455836
455837
455838
455839
455840
455841
455842
455843
455844
455845
455846
455847
455848
455849
455850
455851
455852
455853
455854
455855
455856
455857
455858
455859
455860
455861
455862
455863
455864
455865
455866
455867
455868
455869
455870
455871
455872
455873
455874
455875
455876
455877
455878
455879
455880
455881
455882
455883
455884
455885
455886
455887
455888
455889
455890
455891
455892
455893
455894
455895
455896
455897
455898
455899
455900
455901
455902
455903
455904
455905
455906
455907
455908
455909
455910
455911
455912
455913
455914
455915
455916
455917
455918
455919
455920
455921
455922
455923
455924
455925
455926
455927
455928
455929
455930
455931
455932
455933
455934
455935
455936
455937
455938
455939
455940
455941
455942
455943
455944
455945
455946
455947
455948
455949
455950
455951
455952
455953
455954
455955
455956
455957
455958
455959
455960
455961
455962
455963
455964
455965
455966
455967
455968
455969
455970
455971
455972
455973
455974
455975
455976
455977
455978
455979
455980
455981
455982
455983
455984
455985
455986
455987
455988
455989
455990
455991
455992
455993
455994
455995
455996
455997
455998
455999
456000
456001
456002
456003
456004
456005
456006
456007
456008
456009
456010
456011
456012
456013
456014
456015
456016
456017
456018
456019
456020
456021
456022
456023
456024
456025
456026
456027
456028
456029
456030
456031
456032
456033
456034
456035
456036
456037
456038
456039
456040
456041
456042
456043
456044
456045
456046
456047
456048
456049
456050
456051
456052
456053
456054
456055
456056
456057
456058
456059
456060
456061
456062
456063
456064
456065
456066
456067
456068
456069
456070
456071
456072
456073
456074
456075
456076
456077
456078
456079
456080
456081
456082
456083
456084
456085
456086
456087
456088
456089
456090
456091
456092
456093
456094
456095
456096
456097
456098
456099
456100
456101
456102
456103
456104
456105
456106
456107
456108
456109
456110
456111
456112
456113
456114
456115
456116
456117
456118
456119
456120
456121
456122
456123
456124
456125
456126
456127
456128
456129
456130
456131
456132
456133
456134
456135
456136
456137
456138
456139
456140
456141
456142
456143
456144
456145
456146
456147
456148
456149
456150
456151
456152
456153
456154
456155
456156
456157
456158
456159
456160
456161
456162
456163
456164
456165
456166
456167
456168
456169
456170
456171
456172
456173
456174
456175
456176
456177
456178
456179
456180
456181
456182
456183
456184
456185
456186
456187
456188
456189
456190
456191
456192
456193
456194
456195
456196
456197
456198
456199
456200
456201
456202
456203
456204
456205
456206
456207
456208
456209
456210
456211
456212
456213
456214
456215
456216
456217
456218
456219
456220
456221
456222
456223
456224
456225
456226
456227
456228
456229
456230
456231
456232
456233
456234
456235
456236
456237
456238
456239
456240
456241
456242
456243
456244
456245
456246
456247
456248
456249
456250
456251
456252
456253
456254
456255
456256
456257
456258
456259
456260
456261
456262
456263
456264
456265
456266
456267
456268
456269
456270
456271
456272
456273
456274
456275
456276
456277
456278
456279
456280
456281
456282
456283
456284
456285
456286
456287
456288
456289
456290
456291
456292
456293
456294
456295
456296
456297
456298
456299
456300
456301
456302
456303
456304
456305
456306
456307
456308
456309
456310
456311
456312
456313
456314
456315
456316
456317
456318
456319
456320
456321
456322
456323
456324
456325
456326
456327
456328
456329
456330
456331
456332
456333
456334
456335
456336
456337
456338
456339
456340
456341
456342
456343
456344
456345
456346
456347
456348
456349
456350
456351
456352
456353
456354
456355
456356
456357
456358
456359
456360
456361
456362
456363
456364
456365
456366
456367
456368
456369
456370
456371
456372
456373
456374
456375
456376
456377
456378
456379
456380
456381
456382
456383
456384
456385
456386
456387
456388
456389
456390
456391
456392
456393
456394
456395
456396
456397
456398
456399
456400
456401
456402
456403
456404
456405
456406
456407
456408
456409
456410
456411
456412
456413
456414
456415
456416
456417
456418
456419
456420
456421
456422
456423
456424
456425
456426
456427
456428
456429
456430
456431
456432
456433
456434
456435
456436
456437
456438
456439
456440
456441
456442
456443
456444
456445
456446
456447
456448
456449
456450
456451
456452
456453
456454
456455
456456
456457
456458
456459
456460
456461
456462
456463
456464
456465
456466
456467
456468
456469
456470
456471
456472
456473
456474
456475
456476
456477
456478
456479
456480
456481
456482
456483
456484
456485
456486
456487
456488
456489
456490
456491
456492
456493
456494
456495
456496
456497
456498
456499
456500
456501
456502
456503
456504
456505
456506
456507
456508
456509
456510
456511
456512
456513
456514
456515
456516
456517
456518
456519
456520
456521
456522
456523
456524
456525
456526
456527
456528
456529
456530
456531
456532
456533
456534
456535
456536
456537
456538
456539
456540
456541
456542
456543
456544
456545
456546
456547
456548
456549
456550
456551
456552
456553
456554
456555
456556
456557
456558
456559
456560
456561
456562
456563
456564
456565
456566
456567
456568
456569
456570
456571
456572
456573
456574
456575
456576
456577
456578
456579
456580
456581
456582
456583
456584
456585
456586
456587
456588
456589
456590
456591
456592
456593
456594
456595
456596
456597
456598
456599
456600
456601
456602
456603
456604
456605
456606
456607
456608
456609
456610
456611
456612
456613
456614
456615
456616
456617
456618
456619
456620
456621
456622
456623
456624
456625
456626
456627
456628
456629
456630
456631
456632
456633
456634
456635
456636
456637
456638
456639
456640
456641
456642
456643
456644
456645
456646
456647
456648
456649
456650
456651
456652
456653
456654
456655
456656
456657
456658
456659
456660
456661
456662
456663
456664
456665
456666
456667
456668
456669
456670
456671
456672
456673
456674
456675
456676
456677
456678
456679
456680
456681
456682
456683
456684
456685
456686
456687
456688
456689
456690
456691
456692
456693
456694
456695
456696
456697
456698
456699
456700
456701
456702
456703
456704
456705
456706
456707
456708
456709
456710
456711
456712
456713
456714
456715
456716
456717
456718
456719
456720
456721
456722
456723
456724
456725
456726
456727
456728
456729
456730
456731
456732
456733
456734
456735
456736
456737
456738
456739
456740
456741
456742
456743
456744
456745
456746
456747
456748
456749
456750
456751
456752
456753
456754
456755
456756
456757
456758
456759
456760
456761
456762
456763
456764
456765
456766
456767
456768
456769
456770
456771
456772
456773
456774
456775
456776
456777
456778
456779
456780
456781
456782
456783
456784
456785
456786
456787
456788
456789
456790
456791
456792
456793
456794
456795
456796
456797
456798
456799
456800
456801
456802
456803
456804
456805
456806
456807
456808
456809
456810
456811
456812
456813
456814
456815
456816
456817
456818
456819
456820
456821
456822
456823
456824
456825
456826
456827
456828
456829
456830
456831
456832
456833
456834
456835
456836
456837
456838
456839
456840
456841
456842
456843
456844
456845
456846
456847
456848
456849
456850
456851
456852
456853
456854
456855
456856
456857
456858
456859
456860
456861
456862
456863
456864
456865
456866
456867
456868
456869
456870
456871
456872
456873
456874
456875
456876
456877
456878
456879
456880
456881
456882
456883
456884
456885
456886
456887
456888
456889
456890
456891
456892
456893
456894
456895
456896
456897
456898
456899
456900
456901
456902
456903
456904
456905
456906
456907
456908
456909
456910
456911
456912
456913
456914
456915
456916
456917
456918
456919
456920
456921
456922
456923
456924
456925
456926
456927
456928
456929
456930
456931
456932
456933
456934
456935
456936
456937
456938
456939
456940
456941
456942
456943
456944
456945
456946
456947
456948
456949
456950
456951
456952
456953
456954
456955
456956
456957
456958
456959
456960
456961
456962
456963
456964
456965
456966
456967
456968
456969
456970
456971
456972
456973
456974
456975
456976
456977
456978
456979
456980
456981
456982
456983
456984
456985
456986
456987
456988
456989
456990
456991
456992
456993
456994
456995
456996
456997
456998
456999
457000
457001
457002
457003
457004
457005
457006
457007
457008
457009
457010
457011
457012
457013
457014
457015
457016
457017
457018
457019
457020
457021
457022
457023
457024
457025
457026
457027
457028
457029
457030
457031
457032
457033
457034
457035
457036
457037
457038
457039
457040
457041
457042
457043
457044
457045
457046
457047
457048
457049
457050
457051
457052
457053
457054
457055
457056
457057
457058
457059
457060
457061
457062
457063
457064
457065
457066
457067
457068
457069
457070
457071
457072
457073
457074
457075
457076
457077
457078
457079
457080
457081
457082
457083
457084
457085
457086
457087
457088
457089
457090
457091
457092
457093
457094
457095
457096
457097
457098
457099
457100
457101
457102
457103
457104
457105
457106
457107
457108
457109
457110
457111
457112
457113
457114
457115
457116
457117
457118
457119
457120
457121
457122
457123
457124
457125
457126
457127
457128
457129
457130
457131
457132
457133
457134
457135
457136
457137
457138
457139
457140
457141
457142
457143
457144
457145
457146
457147
457148
457149
457150
457151
457152
457153
457154
457155
457156
457157
457158
457159
457160
457161
457162
457163
457164
457165
457166
457167
457168
457169
457170
457171
457172
457173
457174
457175
457176
457177
457178
457179
457180
457181
457182
457183
457184
457185
457186
457187
457188
457189
457190
457191
457192
457193
457194
457195
457196
457197
457198
457199
457200
457201
457202
457203
457204
457205
457206
457207
457208
457209
457210
457211
457212
457213
457214
457215
457216
457217
457218
457219
457220
457221
457222
457223
457224
457225
457226
457227
457228
457229
457230
457231
457232
457233
457234
457235
457236
457237
457238
457239
457240
457241
457242
457243
457244
457245
457246
457247
457248
457249
457250
457251
457252
457253
457254
457255
457256
457257
457258
457259
457260
457261
457262
457263
457264
457265
457266
457267
457268
457269
457270
457271
457272
457273
457274
457275
457276
457277
457278
457279
457280
457281
457282
457283
457284
457285
457286
457287
457288
457289
457290
457291
457292
457293
457294
457295
457296
457297
457298
457299
457300
457301
457302
457303
457304
457305
457306
457307
457308
457309
457310
457311
457312
457313
457314
457315
457316
457317
457318
457319
457320
457321
457322
457323
457324
457325
457326
457327
457328
457329
457330
457331
457332
457333
457334
457335
457336
457337
457338
457339
457340
457341
457342
457343
457344
457345
457346
457347
457348
457349
457350
457351
457352
457353
457354
457355
457356
457357
457358
457359
457360
457361
457362
457363
457364
457365
457366
457367
457368
457369
457370
457371
457372
457373
457374
457375
457376
457377
457378
457379
457380
457381
457382
457383
457384
457385
457386
457387
457388
457389
457390
457391
457392
457393
457394
457395
457396
457397
457398
457399
457400
457401
457402
457403
457404
457405
457406
457407
457408
457409
457410
457411
457412
457413
457414
457415
457416
457417
457418
457419
457420
457421
457422
457423
457424
457425
457426
457427
457428
457429
457430
457431
457432
457433
457434
457435
457436
457437
457438
457439
457440
457441
457442
457443
457444
457445
457446
457447
457448
457449
457450
457451
457452
457453
457454
457455
457456
457457
457458
457459
457460
457461
457462
457463
457464
457465
457466
457467
457468
457469
457470
457471
457472
457473
457474
457475
457476
457477
457478
457479
457480
457481
457482
457483
457484
457485
457486
457487
457488
457489
457490
457491
457492
457493
457494
457495
457496
457497
457498
457499
457500
457501
457502
457503
457504
457505
457506
457507
457508
457509
457510
457511
457512
457513
457514
457515
457516
457517
457518
457519
457520
457521
457522
457523
457524
457525
457526
457527
457528
457529
457530
457531
457532
457533
457534
457535
457536
457537
457538
457539
457540
457541
457542
457543
457544
457545
457546
457547
457548
457549
457550
457551
457552
457553
457554
457555
457556
457557
457558
457559
457560
457561
457562
457563
457564
457565
457566
457567
457568
457569
457570
457571
457572
457573
457574
457575
457576
457577
457578
457579
457580
457581
457582
457583
457584
457585
457586
457587
457588
457589
457590
457591
457592
457593
457594
457595
457596
457597
457598
457599
457600
457601
457602
457603
457604
457605
457606
457607
457608
457609
457610
457611
457612
457613
457614
457615
457616
457617
457618
457619
457620
457621
457622
457623
457624
457625
457626
457627
457628
457629
457630
457631
457632
457633
457634
457635
457636
457637
457638
457639
457640
457641
457642
457643
457644
457645
457646
457647
457648
457649
457650
457651
457652
457653
457654
457655
457656
457657
457658
457659
457660
457661
457662
457663
457664
457665
457666
457667
457668
457669
457670
457671
457672
457673
457674
457675
457676
457677
457678
457679
457680
457681
457682
457683
457684
457685
457686
457687
457688
457689
457690
457691
457692
457693
457694
457695
457696
457697
457698
457699
457700
457701
457702
457703
457704
457705
457706
457707
457708
457709
457710
457711
457712
457713
457714
457715
457716
457717
457718
457719
457720
457721
457722
457723
457724
457725
457726
457727
457728
457729
457730
457731
457732
457733
457734
457735
457736
457737
457738
457739
457740
457741
457742
457743
457744
457745
457746
457747
457748
457749
457750
457751
457752
457753
457754
457755
457756
457757
457758
457759
457760
457761
457762
457763
457764
457765
457766
457767
457768
457769
457770
457771
457772
457773
457774
457775
457776
457777
457778
457779
457780
457781
457782
457783
457784
457785
457786
457787
457788
457789
457790
457791
457792
457793
457794
457795
457796
457797
457798
457799
457800
457801
457802
457803
457804
457805
457806
457807
457808
457809
457810
457811
457812
457813
457814
457815
457816
457817
457818
457819
457820
457821
457822
457823
457824
457825
457826
457827
457828
457829
457830
457831
457832
457833
457834
457835
457836
457837
457838
457839
457840
457841
457842
457843
457844
457845
457846
457847
457848
457849
457850
457851
457852
457853
457854
457855
457856
457857
457858
457859
457860
457861
457862
457863
457864
457865
457866
457867
457868
457869
457870
457871
457872
457873
457874
457875
457876
457877
457878
457879
457880
457881
457882
457883
457884
457885
457886
457887
457888
457889
457890
457891
457892
457893
457894
457895
457896
457897
457898
457899
457900
457901
457902
457903
457904
457905
457906
457907
457908
457909
457910
457911
457912
457913
457914
457915
457916
457917
457918
457919
457920
457921
457922
457923
457924
457925
457926
457927
457928
457929
457930
457931
457932
457933
457934
457935
457936
457937
457938
457939
457940
457941
457942
457943
457944
457945
457946
457947
457948
457949
457950
457951
457952
457953
457954
457955
457956
457957
457958
457959
457960
457961
457962
457963
457964
457965
457966
457967
457968
457969
457970
457971
457972
457973
457974
457975
457976
457977
457978
457979
457980
457981
457982
457983
457984
457985
457986
457987
457988
457989
457990
457991
457992
457993
457994
457995
457996
457997
457998
457999
458000
458001
458002
458003
458004
458005
458006
458007
458008
458009
458010
458011
458012
458013
458014
458015
458016
458017
458018
458019
458020
458021
458022
458023
458024
458025
458026
458027
458028
458029
458030
458031
458032
458033
458034
458035
458036
458037
458038
458039
458040
458041
458042
458043
458044
458045
458046
458047
458048
458049
458050
458051
458052
458053
458054
458055
458056
458057
458058
458059
458060
458061
458062
458063
458064
458065
458066
458067
458068
458069
458070
458071
458072
458073
458074
458075
458076
458077
458078
458079
458080
458081
458082
458083
458084
458085
458086
458087
458088
458089
458090
458091
458092
458093
458094
458095
458096
458097
458098
458099
458100
458101
458102
458103
458104
458105
458106
458107
458108
458109
458110
458111
458112
458113
458114
458115
458116
458117
458118
458119
458120
458121
458122
458123
458124
458125
458126
458127
458128
458129
458130
458131
458132
458133
458134
458135
458136
458137
458138
458139
458140
458141
458142
458143
458144
458145
458146
458147
458148
458149
458150
458151
458152
458153
458154
458155
458156
458157
458158
458159
458160
458161
458162
458163
458164
458165
458166
458167
458168
458169
458170
458171
458172
458173
458174
458175
458176
458177
458178
458179
458180
458181
458182
458183
458184
458185
458186
458187
458188
458189
458190
458191
458192
458193
458194
458195
458196
458197
458198
458199
458200
458201
458202
458203
458204
458205
458206
458207
458208
458209
458210
458211
458212
458213
458214
458215
458216
458217
458218
458219
458220
458221
458222
458223
458224
458225
458226
458227
458228
458229
458230
458231
458232
458233
458234
458235
458236
458237
458238
458239
458240
458241
458242
458243
458244
458245
458246
458247
458248
458249
458250
458251
458252
458253
458254
458255
458256
458257
458258
458259
458260
458261
458262
458263
458264
458265
458266
458267
458268
458269
458270
458271
458272
458273
458274
458275
458276
458277
458278
458279
458280
458281
458282
458283
458284
458285
458286
458287
458288
458289
458290
458291
458292
458293
458294
458295
458296
458297
458298
458299
458300
458301
458302
458303
458304
458305
458306
458307
458308
458309
458310
458311
458312
458313
458314
458315
458316
458317
458318
458319
458320
458321
458322
458323
458324
458325
458326
458327
458328
458329
458330
458331
458332
458333
458334
458335
458336
458337
458338
458339
458340
458341
458342
458343
458344
458345
458346
458347
458348
458349
458350
458351
458352
458353
458354
458355
458356
458357
458358
458359
458360
458361
458362
458363
458364
458365
458366
458367
458368
458369
458370
458371
458372
458373
458374
458375
458376
458377
458378
458379
458380
458381
458382
458383
458384
458385
458386
458387
458388
458389
458390
458391
458392
458393
458394
458395
458396
458397
458398
458399
458400
458401
458402
458403
458404
458405
458406
458407
458408
458409
458410
458411
458412
458413
458414
458415
458416
458417
458418
458419
458420
458421
458422
458423
458424
458425
458426
458427
458428
458429
458430
458431
458432
458433
458434
458435
458436
458437
458438
458439
458440
458441
458442
458443
458444
458445
458446
458447
458448
458449
458450
458451
458452
458453
458454
458455
458456
458457
458458
458459
458460
458461
458462
458463
458464
458465
458466
458467
458468
458469
458470
458471
458472
458473
458474
458475
458476
458477
458478
458479
458480
458481
458482
458483
458484
458485
458486
458487
458488
458489
458490
458491
458492
458493
458494
458495
458496
458497
458498
458499
458500
458501
458502
458503
458504
458505
458506
458507
458508
458509
458510
458511
458512
458513
458514
458515
458516
458517
458518
458519
458520
458521
458522
458523
458524
458525
458526
458527
458528
458529
458530
458531
458532
458533
458534
458535
458536
458537
458538
458539
458540
458541
458542
458543
458544
458545
458546
458547
458548
458549
458550
458551
458552
458553
458554
458555
458556
458557
458558
458559
458560
458561
458562
458563
458564
458565
458566
458567
458568
458569
458570
458571
458572
458573
458574
458575
458576
458577
458578
458579
458580
458581
458582
458583
458584
458585
458586
458587
458588
458589
458590
458591
458592
458593
458594
458595
458596
458597
458598
458599
458600
458601
458602
458603
458604
458605
458606
458607
458608
458609
458610
458611
458612
458613
458614
458615
458616
458617
458618
458619
458620
458621
458622
458623
458624
458625
458626
458627
458628
458629
458630
458631
458632
458633
458634
458635
458636
458637
458638
458639
458640
458641
458642
458643
458644
458645
458646
458647
458648
458649
458650
458651
458652
458653
458654
458655
458656
458657
458658
458659
458660
458661
458662
458663
458664
458665
458666
458667
458668
458669
458670
458671
458672
458673
458674
458675
458676
458677
458678
458679
458680
458681
458682
458683
458684
458685
458686
458687
458688
458689
458690
458691
458692
458693
458694
458695
458696
458697
458698
458699
458700
458701
458702
458703
458704
458705
458706
458707
458708
458709
458710
458711
458712
458713
458714
458715
458716
458717
458718
458719
458720
458721
458722
458723
458724
458725
458726
458727
458728
458729
458730
458731
458732
458733
458734
458735
458736
458737
458738
458739
458740
458741
458742
458743
458744
458745
458746
458747
458748
458749
458750
458751
458752
458753
458754
458755
458756
458757
458758
458759
458760
458761
458762
458763
458764
458765
458766
458767
458768
458769
458770
458771
458772
458773
458774
458775
458776
458777
458778
458779
458780
458781
458782
458783
458784
458785
458786
458787
458788
458789
458790
458791
458792
458793
458794
458795
458796
458797
458798
458799
458800
458801
458802
458803
458804
458805
458806
458807
458808
458809
458810
458811
458812
458813
458814
458815
458816
458817
458818
458819
458820
458821
458822
458823
458824
458825
458826
458827
458828
458829
458830
458831
458832
458833
458834
458835
458836
458837
458838
458839
458840
458841
458842
458843
458844
458845
458846
458847
458848
458849
458850
458851
458852
458853
458854
458855
458856
458857
458858
458859
458860
458861
458862
458863
458864
458865
458866
458867
458868
458869
458870
458871
458872
458873
458874
458875
458876
458877
458878
458879
458880
458881
458882
458883
458884
458885
458886
458887
458888
458889
458890
458891
458892
458893
458894
458895
458896
458897
458898
458899
458900
458901
458902
458903
458904
458905
458906
458907
458908
458909
458910
458911
458912
458913
458914
458915
458916
458917
458918
458919
458920
458921
458922
458923
458924
458925
458926
458927
458928
458929
458930
458931
458932
458933
458934
458935
458936
458937
458938
458939
458940
458941
458942
458943
458944
458945
458946
458947
458948
458949
458950
458951
458952
458953
458954
458955
458956
458957
458958
458959
458960
458961
458962
458963
458964
458965
458966
458967
458968
458969
458970
458971
458972
458973
458974
458975
458976
458977
458978
458979
458980
458981
458982
458983
458984
458985
458986
458987
458988
458989
458990
458991
458992
458993
458994
458995
458996
458997
458998
458999
459000
459001
459002
459003
459004
459005
459006
459007
459008
459009
459010
459011
459012
459013
459014
459015
459016
459017
459018
459019
459020
459021
459022
459023
459024
459025
459026
459027
459028
459029
459030
459031
459032
459033
459034
459035
459036
459037
459038
459039
459040
459041
459042
459043
459044
459045
459046
459047
459048
459049
459050
459051
459052
459053
459054
459055
459056
459057
459058
459059
459060
459061
459062
459063
459064
459065
459066
459067
459068
459069
459070
459071
459072
459073
459074
459075
459076
459077
459078
459079
459080
459081
459082
459083
459084
459085
459086
459087
459088
459089
459090
459091
459092
459093
459094
459095
459096
459097
459098
459099
459100
459101
459102
459103
459104
459105
459106
459107
459108
459109
459110
459111
459112
459113
459114
459115
459116
459117
459118
459119
459120
459121
459122
459123
459124
459125
459126
459127
459128
459129
459130
459131
459132
459133
459134
459135
459136
459137
459138
459139
459140
459141
459142
459143
459144
459145
459146
459147
459148
459149
459150
459151
459152
459153
459154
459155
459156
459157
459158
459159
459160
459161
459162
459163
459164
459165
459166
459167
459168
459169
459170
459171
459172
459173
459174
459175
459176
459177
459178
459179
459180
459181
459182
459183
459184
459185
459186
459187
459188
459189
459190
459191
459192
459193
459194
459195
459196
459197
459198
459199
459200
459201
459202
459203
459204
459205
459206
459207
459208
459209
459210
459211
459212
459213
459214
459215
459216
459217
459218
459219
459220
459221
459222
459223
459224
459225
459226
459227
459228
459229
459230
459231
459232
459233
459234
459235
459236
459237
459238
459239
459240
459241
459242
459243
459244
459245
459246
459247
459248
459249
459250
459251
459252
459253
459254
459255
459256
459257
459258
459259
459260
459261
459262
459263
459264
459265
459266
459267
459268
459269
459270
459271
459272
459273
459274
459275
459276
459277
459278
459279
459280
459281
459282
459283
459284
459285
459286
459287
459288
459289
459290
459291
459292
459293
459294
459295
459296
459297
459298
459299
459300
459301
459302
459303
459304
459305
459306
459307
459308
459309
459310
459311
459312
459313
459314
459315
459316
459317
459318
459319
459320
459321
459322
459323
459324
459325
459326
459327
459328
459329
459330
459331
459332
459333
459334
459335
459336
459337
459338
459339
459340
459341
459342
459343
459344
459345
459346
459347
459348
459349
459350
459351
459352
459353
459354
459355
459356
459357
459358
459359
459360
459361
459362
459363
459364
459365
459366
459367
459368
459369
459370
459371
459372
459373
459374
459375
459376
459377
459378
459379
459380
459381
459382
459383
459384
459385
459386
459387
459388
459389
459390
459391
459392
459393
459394
459395
459396
459397
459398
459399
459400
459401
459402
459403
459404
459405
459406
459407
459408
459409
459410
459411
459412
459413
459414
459415
459416
459417
459418
459419
459420
459421
459422
459423
459424
459425
459426
459427
459428
459429
459430
459431
459432
459433
459434
459435
459436
459437
459438
459439
459440
459441
459442
459443
459444
459445
459446
459447
459448
459449
459450
459451
459452
459453
459454
459455
459456
459457
459458
459459
459460
459461
459462
459463
459464
459465
459466
459467
459468
459469
459470
459471
459472
459473
459474
459475
459476
459477
459478
459479
459480
459481
459482
459483
459484
459485
459486
459487
459488
459489
459490
459491
459492
459493
459494
459495
459496
459497
459498
459499
459500
459501
459502
459503
459504
459505
459506
459507
459508
459509
459510
459511
459512
459513
459514
459515
459516
459517
459518
459519
459520
459521
459522
459523
459524
459525
459526
459527
459528
459529
459530
459531
459532
459533
459534
459535
459536
459537
459538
459539
459540
459541
459542
459543
459544
459545
459546
459547
459548
459549
459550
459551
459552
459553
459554
459555
459556
459557
459558
459559
459560
459561
459562
459563
459564
459565
459566
459567
459568
459569
459570
459571
459572
459573
459574
459575
459576
459577
459578
459579
459580
459581
459582
459583
459584
459585
459586
459587
459588
459589
459590
459591
459592
459593
459594
459595
459596
459597
459598
459599
459600
459601
459602
459603
459604
459605
459606
459607
459608
459609
459610
459611
459612
459613
459614
459615
459616
459617
459618
459619
459620
459621
459622
459623
459624
459625
459626
459627
459628
459629
459630
459631
459632
459633
459634
459635
459636
459637
459638
459639
459640
459641
459642
459643
459644
459645
459646
459647
459648
459649
459650
459651
459652
459653
459654
459655
459656
459657
459658
459659
459660
459661
459662
459663
459664
459665
459666
459667
459668
459669
459670
459671
459672
459673
459674
459675
459676
459677
459678
459679
459680
459681
459682
459683
459684
459685
459686
459687
459688
459689
459690
459691
459692
459693
459694
459695
459696
459697
459698
459699
459700
459701
459702
459703
459704
459705
459706
459707
459708
459709
459710
459711
459712
459713
459714
459715
459716
459717
459718
459719
459720
459721
459722
459723
459724
459725
459726
459727
459728
459729
459730
459731
459732
459733
459734
459735
459736
459737
459738
459739
459740
459741
459742
459743
459744
459745
459746
459747
459748
459749
459750
459751
459752
459753
459754
459755
459756
459757
459758
459759
459760
459761
459762
459763
459764
459765
459766
459767
459768
459769
459770
459771
459772
459773
459774
459775
459776
459777
459778
459779
459780
459781
459782
459783
459784
459785
459786
459787
459788
459789
459790
459791
459792
459793
459794
459795
459796
459797
459798
459799
459800
459801
459802
459803
459804
459805
459806
459807
459808
459809
459810
459811
459812
459813
459814
459815
459816
459817
459818
459819
459820
459821
459822
459823
459824
459825
459826
459827
459828
459829
459830
459831
459832
459833
459834
459835
459836
459837
459838
459839
459840
459841
459842
459843
459844
459845
459846
459847
459848
459849
459850
459851
459852
459853
459854
459855
459856
459857
459858
459859
459860
459861
459862
459863
459864
459865
459866
459867
459868
459869
459870
459871
459872
459873
459874
459875
459876
459877
459878
459879
459880
459881
459882
459883
459884
459885
459886
459887
459888
459889
459890
459891
459892
459893
459894
459895
459896
459897
459898
459899
459900
459901
459902
459903
459904
459905
459906
459907
459908
459909
459910
459911
459912
459913
459914
459915
459916
459917
459918
459919
459920
459921
459922
459923
459924
459925
459926
459927
459928
459929
459930
459931
459932
459933
459934
459935
459936
459937
459938
459939
459940
459941
459942
459943
459944
459945
459946
459947
459948
459949
459950
459951
459952
459953
459954
459955
459956
459957
459958
459959
459960
459961
459962
459963
459964
459965
459966
459967
459968
459969
459970
459971
459972
459973
459974
459975
459976
459977
459978
459979
459980
459981
459982
459983
459984
459985
459986
459987
459988
459989
459990
459991
459992
459993
459994
459995
459996
459997
459998
459999
460000
460001
460002
460003
460004
460005
460006
460007
460008
460009
460010
460011
460012
460013
460014
460015
460016
460017
460018
460019
460020
460021
460022
460023
460024
460025
460026
460027
460028
460029
460030
460031
460032
460033
460034
460035
460036
460037
460038
460039
460040
460041
460042
460043
460044
460045
460046
460047
460048
460049
460050
460051
460052
460053
460054
460055
460056
460057
460058
460059
460060
460061
460062
460063
460064
460065
460066
460067
460068
460069
460070
460071
460072
460073
460074
460075
460076
460077
460078
460079
460080
460081
460082
460083
460084
460085
460086
460087
460088
460089
460090
460091
460092
460093
460094
460095
460096
460097
460098
460099
460100
460101
460102
460103
460104
460105
460106
460107
460108
460109
460110
460111
460112
460113
460114
460115
460116
460117
460118
460119
460120
460121
460122
460123
460124
460125
460126
460127
460128
460129
460130
460131
460132
460133
460134
460135
460136
460137
460138
460139
460140
460141
460142
460143
460144
460145
460146
460147
460148
460149
460150
460151
460152
460153
460154
460155
460156
460157
460158
460159
460160
460161
460162
460163
460164
460165
460166
460167
460168
460169
460170
460171
460172
460173
460174
460175
460176
460177
460178
460179
460180
460181
460182
460183
460184
460185
460186
460187
460188
460189
460190
460191
460192
460193
460194
460195
460196
460197
460198
460199
460200
460201
460202
460203
460204
460205
460206
460207
460208
460209
460210
460211
460212
460213
460214
460215
460216
460217
460218
460219
460220
460221
460222
460223
460224
460225
460226
460227
460228
460229
460230
460231
460232
460233
460234
460235
460236
460237
460238
460239
460240
460241
460242
460243
460244
460245
460246
460247
460248
460249
460250
460251
460252
460253
460254
460255
460256
460257
460258
460259
460260
460261
460262
460263
460264
460265
460266
460267
460268
460269
460270
460271
460272
460273
460274
460275
460276
460277
460278
460279
460280
460281
460282
460283
460284
460285
460286
460287
460288
460289
460290
460291
460292
460293
460294
460295
460296
460297
460298
460299
460300
460301
460302
460303
460304
460305
460306
460307
460308
460309
460310
460311
460312
460313
460314
460315
460316
460317
460318
460319
460320
460321
460322
460323
460324
460325
460326
460327
460328
460329
460330
460331
460332
460333
460334
460335
460336
460337
460338
460339
460340
460341
460342
460343
460344
460345
460346
460347
460348
460349
460350
460351
460352
460353
460354
460355
460356
460357
460358
460359
460360
460361
460362
460363
460364
460365
460366
460367
460368
460369
460370
460371
460372
460373
460374
460375
460376
460377
460378
460379
460380
460381
460382
460383
460384
460385
460386
460387
460388
460389
460390
460391
460392
460393
460394
460395
460396
460397
460398
460399
460400
460401
460402
460403
460404
460405
460406
460407
460408
460409
460410
460411
460412
460413
460414
460415
460416
460417
460418
460419
460420
460421
460422
460423
460424
460425
460426
460427
460428
460429
460430
460431
460432
460433
460434
460435
460436
460437
460438
460439
460440
460441
460442
460443
460444
460445
460446
460447
460448
460449
460450
460451
460452
460453
460454
460455
460456
460457
460458
460459
460460
460461
460462
460463
460464
460465
460466
460467
460468
460469
460470
460471
460472
460473
460474
460475
460476
460477
460478
460479
460480
460481
460482
460483
460484
460485
460486
460487
460488
460489
460490
460491
460492
460493
460494
460495
460496
460497
460498
460499
460500
460501
460502
460503
460504
460505
460506
460507
460508
460509
460510
460511
460512
460513
460514
460515
460516
460517
460518
460519
460520
460521
460522
460523
460524
460525
460526
460527
460528
460529
460530
460531
460532
460533
460534
460535
460536
460537
460538
460539
460540
460541
460542
460543
460544
460545
460546
460547
460548
460549
460550
460551
460552
460553
460554
460555
460556
460557
460558
460559
460560
460561
460562
460563
460564
460565
460566
460567
460568
460569
460570
460571
460572
460573
460574
460575
460576
460577
460578
460579
460580
460581
460582
460583
460584
460585
460586
460587
460588
460589
460590
460591
460592
460593
460594
460595
460596
460597
460598
460599
460600
460601
460602
460603
460604
460605
460606
460607
460608
460609
460610
460611
460612
460613
460614
460615
460616
460617
460618
460619
460620
460621
460622
460623
460624
460625
460626
460627
460628
460629
460630
460631
460632
460633
460634
460635
460636
460637
460638
460639
460640
460641
460642
460643
460644
460645
460646
460647
460648
460649
460650
460651
460652
460653
460654
460655
460656
460657
460658
460659
460660
460661
460662
460663
460664
460665
460666
460667
460668
460669
460670
460671
460672
460673
460674
460675
460676
460677
460678
460679
460680
460681
460682
460683
460684
460685
460686
460687
460688
460689
460690
460691
460692
460693
460694
460695
460696
460697
460698
460699
460700
460701
460702
460703
460704
460705
460706
460707
460708
460709
460710
460711
460712
460713
460714
460715
460716
460717
460718
460719
460720
460721
460722
460723
460724
460725
460726
460727
460728
460729
460730
460731
460732
460733
460734
460735
460736
460737
460738
460739
460740
460741
460742
460743
460744
460745
460746
460747
460748
460749
460750
460751
460752
460753
460754
460755
460756
460757
460758
460759
460760
460761
460762
460763
460764
460765
460766
460767
460768
460769
460770
460771
460772
460773
460774
460775
460776
460777
460778
460779
460780
460781
460782
460783
460784
460785
460786
460787
460788
460789
460790
460791
460792
460793
460794
460795
460796
460797
460798
460799
460800
460801
460802
460803
460804
460805
460806
460807
460808
460809
460810
460811
460812
460813
460814
460815
460816
460817
460818
460819
460820
460821
460822
460823
460824
460825
460826
460827
460828
460829
460830
460831
460832
460833
460834
460835
460836
460837
460838
460839
460840
460841
460842
460843
460844
460845
460846
460847
460848
460849
460850
460851
460852
460853
460854
460855
460856
460857
460858
460859
460860
460861
460862
460863
460864
460865
460866
460867
460868
460869
460870
460871
460872
460873
460874
460875
460876
460877
460878
460879
460880
460881
460882
460883
460884
460885
460886
460887
460888
460889
460890
460891
460892
460893
460894
460895
460896
460897
460898
460899
460900
460901
460902
460903
460904
460905
460906
460907
460908
460909
460910
460911
460912
460913
460914
460915
460916
460917
460918
460919
460920
460921
460922
460923
460924
460925
460926
460927
460928
460929
460930
460931
460932
460933
460934
460935
460936
460937
460938
460939
460940
460941
460942
460943
460944
460945
460946
460947
460948
460949
460950
460951
460952
460953
460954
460955
460956
460957
460958
460959
460960
460961
460962
460963
460964
460965
460966
460967
460968
460969
460970
460971
460972
460973
460974
460975
460976
460977
460978
460979
460980
460981
460982
460983
460984
460985
460986
460987
460988
460989
460990
460991
460992
460993
460994
460995
460996
460997
460998
460999
461000
461001
461002
461003
461004
461005
461006
461007
461008
461009
461010
461011
461012
461013
461014
461015
461016
461017
461018
461019
461020
461021
461022
461023
461024
461025
461026
461027
461028
461029
461030
461031
461032
461033
461034
461035
461036
461037
461038
461039
461040
461041
461042
461043
461044
461045
461046
461047
461048
461049
461050
461051
461052
461053
461054
461055
461056
461057
461058
461059
461060
461061
461062
461063
461064
461065
461066
461067
461068
461069
461070
461071
461072
461073
461074
461075
461076
461077
461078
461079
461080
461081
461082
461083
461084
461085
461086
461087
461088
461089
461090
461091
461092
461093
461094
461095
461096
461097
461098
461099
461100
461101
461102
461103
461104
461105
461106
461107
461108
461109
461110
461111
461112
461113
461114
461115
461116
461117
461118
461119
461120
461121
461122
461123
461124
461125
461126
461127
461128
461129
461130
461131
461132
461133
461134
461135
461136
461137
461138
461139
461140
461141
461142
461143
461144
461145
461146
461147
461148
461149
461150
461151
461152
461153
461154
461155
461156
461157
461158
461159
461160
461161
461162
461163
461164
461165
461166
461167
461168
461169
461170
461171
461172
461173
461174
461175
461176
461177
461178
461179
461180
461181
461182
461183
461184
461185
461186
461187
461188
461189
461190
461191
461192
461193
461194
461195
461196
461197
461198
461199
461200
461201
461202
461203
461204
461205
461206
461207
461208
461209
461210
461211
461212
461213
461214
461215
461216
461217
461218
461219
461220
461221
461222
461223
461224
461225
461226
461227
461228
461229
461230
461231
461232
461233
461234
461235
461236
461237
461238
461239
461240
461241
461242
461243
461244
461245
461246
461247
461248
461249
461250
461251
461252
461253
461254
461255
461256
461257
461258
461259
461260
461261
461262
461263
461264
461265
461266
461267
461268
461269
461270
461271
461272
461273
461274
461275
461276
461277
461278
461279
461280
461281
461282
461283
461284
461285
461286
461287
461288
461289
461290
461291
461292
461293
461294
461295
461296
461297
461298
461299
461300
461301
461302
461303
461304
461305
461306
461307
461308
461309
461310
461311
461312
461313
461314
461315
461316
461317
461318
461319
461320
461321
461322
461323
461324
461325
461326
461327
461328
461329
461330
461331
461332
461333
461334
461335
461336
461337
461338
461339
461340
461341
461342
461343
461344
461345
461346
461347
461348
461349
461350
461351
461352
461353
461354
461355
461356
461357
461358
461359
461360
461361
461362
461363
461364
461365
461366
461367
461368
461369
461370
461371
461372
461373
461374
461375
461376
461377
461378
461379
461380
461381
461382
461383
461384
461385
461386
461387
461388
461389
461390
461391
461392
461393
461394
461395
461396
461397
461398
461399
461400
461401
461402
461403
461404
461405
461406
461407
461408
461409
461410
461411
461412
461413
461414
461415
461416
461417
461418
461419
461420
461421
461422
461423
461424
461425
461426
461427
461428
461429
461430
461431
461432
461433
461434
461435
461436
461437
461438
461439
461440
461441
461442
461443
461444
461445
461446
461447
461448
461449
461450
461451
461452
461453
461454
461455
461456
461457
461458
461459
461460
461461
461462
461463
461464
461465
461466
461467
461468
461469
461470
461471
461472
461473
461474
461475
461476
461477
461478
461479
461480
461481
461482
461483
461484
461485
461486
461487
461488
461489
461490
461491
461492
461493
461494
461495
461496
461497
461498
461499
461500
461501
461502
461503
461504
461505
461506
461507
461508
461509
461510
461511
461512
461513
461514
461515
461516
461517
461518
461519
461520
461521
461522
461523
461524
461525
461526
461527
461528
461529
461530
461531
461532
461533
461534
461535
461536
461537
461538
461539
461540
461541
461542
461543
461544
461545
461546
461547
461548
461549
461550
461551
461552
461553
461554
461555
461556
461557
461558
461559
461560
461561
461562
461563
461564
461565
461566
461567
461568
461569
461570
461571
461572
461573
461574
461575
461576
461577
461578
461579
461580
461581
461582
461583
461584
461585
461586
461587
461588
461589
461590
461591
461592
461593
461594
461595
461596
461597
461598
461599
461600
461601
461602
461603
461604
461605
461606
461607
461608
461609
461610
461611
461612
461613
461614
461615
461616
461617
461618
461619
461620
461621
461622
461623
461624
461625
461626
461627
461628
461629
461630
461631
461632
461633
461634
461635
461636
461637
461638
461639
461640
461641
461642
461643
461644
461645
461646
461647
461648
461649
461650
461651
461652
461653
461654
461655
461656
461657
461658
461659
461660
461661
461662
461663
461664
461665
461666
461667
461668
461669
461670
461671
461672
461673
461674
461675
461676
461677
461678
461679
461680
461681
461682
461683
461684
461685
461686
461687
461688
461689
461690
461691
461692
461693
461694
461695
461696
461697
461698
461699
461700
461701
461702
461703
461704
461705
461706
461707
461708
461709
461710
461711
461712
461713
461714
461715
461716
461717
461718
461719
461720
461721
461722
461723
461724
461725
461726
461727
461728
461729
461730
461731
461732
461733
461734
461735
461736
461737
461738
461739
461740
461741
461742
461743
461744
461745
461746
461747
461748
461749
461750
461751
461752
461753
461754
461755
461756
461757
461758
461759
461760
461761
461762
461763
461764
461765
461766
461767
461768
461769
461770
461771
461772
461773
461774
461775
461776
461777
461778
461779
461780
461781
461782
461783
461784
461785
461786
461787
461788
461789
461790
461791
461792
461793
461794
461795
461796
461797
461798
461799
461800
461801
461802
461803
461804
461805
461806
461807
461808
461809
461810
461811
461812
461813
461814
461815
461816
461817
461818
461819
461820
461821
461822
461823
461824
461825
461826
461827
461828
461829
461830
461831
461832
461833
461834
461835
461836
461837
461838
461839
461840
461841
461842
461843
461844
461845
461846
461847
461848
461849
461850
461851
461852
461853
461854
461855
461856
461857
461858
461859
461860
461861
461862
461863
461864
461865
461866
461867
461868
461869
461870
461871
461872
461873
461874
461875
461876
461877
461878
461879
461880
461881
461882
461883
461884
461885
461886
461887
461888
461889
461890
461891
461892
461893
461894
461895
461896
461897
461898
461899
461900
461901
461902
461903
461904
461905
461906
461907
461908
461909
461910
461911
461912
461913
461914
461915
461916
461917
461918
461919
461920
461921
461922
461923
461924
461925
461926
461927
461928
461929
461930
461931
461932
461933
461934
461935
461936
461937
461938
461939
461940
461941
461942
461943
461944
461945
461946
461947
461948
461949
461950
461951
461952
461953
461954
461955
461956
461957
461958
461959
461960
461961
461962
461963
461964
461965
461966
461967
461968
461969
461970
461971
461972
461973
461974
461975
461976
461977
461978
461979
461980
461981
461982
461983
461984
461985
461986
461987
461988
461989
461990
461991
461992
461993
461994
461995
461996
461997
461998
461999
462000
